sep =,
Number,net_profit,Balance,Symbol,Mode,Volume,OpenDate,OpenTime,CloseDate,CloseTime,OpenPrice,ClosePrice,TradeMargin
1,3.12,10003.12,GBP_USD,Long,2000.0,2024.01.02,05:22:00,2024.01.02,,1.27326,,5.09
2,2.84,10005.96,GBP_USD,Short,2000.0,2024.01.02,15:05:00,2024.01.02,,1.27483,,5.10
3,3.86,10009.82,GBP_USD,Long,2000.0,2024.01.02,16:42:00,2024.01.05,,1.27321,,5.09
4,2.62,10012.44,GBP_USD,Short,2000.0,2024.01.05,22:04:00,2024.01.05,,1.27475,,5.10
5,2.62,10015.06,GBP_USD,Long,2000.0,2024.01.05,23:59:00,2024.01.08,,1.27350,,5.09
6,2.62,10017.68,GBP_USD,Short,2000.0,2024.01.08,22:49:00,2024.01.09,,1.27491,,5.10
7,2.68,10020.36,GBP_USD,Long,2000.0,2024.01.09,13:40:00,2024.01.09,,1.27370,,5.09
8,2.80,10023.16,GBP_USD,Short,2000.0,2024.01.09,14:37:00,2024.01.09,,1.27488,,5.10
9,2.60,10025.76,GBP_USD,Long,2000.0,2024.01.09,15:09:00,2024.01.11,,1.27357,,5.09
10,2.86,10028.62,GBP_USD,Short,2000.0,2024.01.11,07:33:00,2024.01.11,,1.27488,,5.10
11,5.62,10034.24,GBP_USD,Long,2000.0,2024.01.11,20:32:00,2024.01.11,,1.27122,,5.08
12,2.82,10037.06,GBP_USD,Short,2000.0,2024.01.11,20:35:00,2024.01.11,,1.27403,,5.10
13,2.82,10039.88,GBP_USD,Long,2000.0,2024.01.11,20:43:00,2024.01.11,,1.27339,,5.09
14,3.38,10043.26,GBP_USD,Short,2000.0,2024.01.11,21:37:00,2024.01.11,,1.27477,,5.10
15,2.58,10045.84,GBP_USD,Long,2000.0,2024.01.11,21:43:00,2024.01.12,,1.27278,,5.09
16,2.72,10048.56,GBP_USD,Short,2000.0,2024.01.12,01:47:00,2024.01.12,,1.27406,,5.10
17,5.44,10054.00,GBP_USD,Long,2000.0,2024.01.12,18:50:00,2024.01.12,,1.27266,,5.09
18,2.56,10056.56,GBP_USD,Short,2000.0,2024.01.12,20:32:00,2024.01.13,,1.27540,,5.10
19,2.68,10059.24,GBP_USD,Long,2000.0,2024.01.13,00:03:00,2024.01.13,,1.27388,,5.10
20,2.56,10061.80,GBP_USD,Short,2000.0,2024.01.13,02:08:00,2024.01.15,,1.27521,,5.10
21,2.62,10064.42,GBP_USD,Long,2000.0,2024.01.15,06:08:00,2024.01.15,,1.27397,,5.10
22,2.66,10067.08,GBP_USD,Short,2000.0,2024.01.15,09:20:00,2024.01.15,,1.27526,,5.10

23,-10.04,10057.04,GBP_USD,Long,2000.0,2024.01.15,16:01:00,2024.01.17,,1.27376,,5.10

24,2.88,10059.92,GBP_USD,Short,2000.0,2024.01.17,17:02:00,2024.01.17,,1.26901,,5.08
25,2.56,10062.48,GBP_USD,Long,2000.0,2024.01.17,17:40:00,2024.01.17,,1.26751,,5.07
26,3.20,10065.68,GBP_USD,Short,2000.0,2024.01.17,18:44:00,2024.01.17,,1.26886,,5.08
27,2.88,10068.56,GBP_USD,Long,2000.0,2024.01.17,20:02:00,2024.01.18,,1.26733,,5.07
28,2.78,10071.34,GBP_USD,Short,2000.0,2024.01.18,08:09:00,2024.01.18,,1.26866,,5.07
29,2.88,10074.22,GBP_USD,Long,2000.0,2024.01.18,20:32:00,2024.01.18,,1.26767,,5.07
30,2.66,10076.88,GBP_USD,Short,2000.0,2024.01.18,23:37:00,2024.01.19,,1.26905,,5.08
31,2.56,10079.44,GBP_USD,Long,2000.0,2024.01.19,00:10:00,2024.01.19,,1.26762,,5.07
32,3.00,10082.44,GBP_USD,Short,2000.0,2024.01.19,01:40:00,2024.01.19,,1.26884,,5.08
33,2.62,10085.06,GBP_USD,Long,2000.0,2024.01.19,15:21:00,2024.01.19,,1.26725,,5.07
34,2.60,10087.66,GBP_USD,Short,2000.0,2024.01.19,16:16:00,2024.01.19,,1.26861,,5.07
35,2.68,10090.34,GBP_USD,Long,2000.0,2024.01.19,16:45:00,2024.01.19,,1.26736,,5.07
36,2.80,10093.14,GBP_USD,Short,2000.0,2024.01.19,17:07:00,2024.01.19,,1.26865,,5.07
37,2.66,10095.80,GBP_USD,Long,2000.0,2024.01.19,17:27:00,2024.01.19,,1.26727,,5.07
38,2.56,10098.36,GBP_USD,Short,2000.0,2024.01.19,18:12:00,2024.01.19,,1.26902,,5.08
39,2.84,10101.20,GBP_USD,Long,2000.0,2024.01.19,19:49:00,2024.01.20,,1.26779,,5.07
40,3.24,10104.44,GBP_USD,Short,2000.0,2024.01.20,01:14:00,2024.01.23,,1.26910,,5.08
41,2.68,10107.12,GBP_USD,Long,2000.0,2024.01.23,22:25:00,2024.01.24,,1.26728,,5.07
42,2.54,10109.66,GBP_USD,Short,2000.0,2024.01.24,03:19:00,2024.01.29,,1.26861,,5.07
43,2.56,10112.22,GBP_USD,Long,2000.0,2024.01.29,21:51:00,2024.01.30,,1.26750,,5.07
44,2.60,10114.82,GBP_USD,Short,2000.0,2024.01.30,00:26:00,2024.01.30,,1.26876,,5.08
45,2.82,10117.64,GBP_USD,Long,2000.0,2024.01.30,16:27:00,2024.01.30,,1.26730,,5.07
46,3.70,10121.34,GBP_USD,Short,2000.0,2024.01.30,21:14:00,2024.01.30,,1.26849,,5.07
47,2.90,10124.24,GBP_USD,Long,2000.0,2024.01.30,22:02:00,2024.01.30,,1.26604,,5.06
48,2.88,10127.12,GBP_USD,Short,2000.0,2024.01.30,23:45:00,2024.02.01,,1.26755,,5.07
49,2.70,10129.82,GBP_USD,Long,2000.0,2024.02.01,03:33:00,2024.02.01,,1.26602,,5.06
50,2.60,10132.42,GBP_USD,Short,2000.0,2024.02.01,04:01:00,2024.02.01,,1.26743,,5.07
51,3.12,10135.54,GBP_USD,Long,2000.0,2024.02.01,14:00:00,2024.02.01,,1.26638,,5.07
52,2.72,10138.26,GBP_USD,Short,2000.0,2024.02.01,19:46:00,2024.02.01,,1.26829,,5.07
53,2.60,10140.86,GBP_USD,Long,2000.0,2024.02.01,20:05:00,2024.02.01,,1.26721,,5.07
54,2.98,10143.84,GBP_USD,Short,2000.0,2024.02.01,23:03:00,2024.02.02,,1.26859,,5.07

55,-10.90,10132.94,GBP_USD,Long,2000.0,2024.02.02,20:57:00,2024.02.07,,1.26714,,5.07

56,2.84,10135.78,GBP_USD,Short,2000.0,2024.02.07,14:15:00,2024.02.08,,1.26179,,5.05
57,2.54,10138.32,GBP_USD,Long,2000.0,2024.02.08,18:26:00,2024.02.08,,1.26010,,5.04
58,2.96,10141.28,GBP_USD,Short,2000.0,2024.02.08,23:33:00,2024.02.09,,1.26146,,5.05
59,3.52,10144.80,GBP_USD,Long,2000.0,2024.02.09,19:53:00,2024.02.09,,1.26012,,5.04
60,2.62,10147.42,GBP_USD,Short,2000.0,2024.02.09,20:33:00,2024.02.09,,1.26299,,5.05
61,2.52,10149.94,GBP_USD,Long,2000.0,2024.02.09,20:37:00,2024.02.09,,1.26241,,5.05
62,2.56,10152.50,GBP_USD,Short,2000.0,2024.02.09,21:15:00,2024.02.09,,1.26363,,5.05
63,2.68,10155.18,GBP_USD,Long,2000.0,2024.02.09,21:25:00,2024.02.09,,1.26214,,5.05
64,2.62,10157.80,GBP_USD,Short,2000.0,2024.02.09,21:44:00,2024.02.09,,1.26390,,5.06
65,2.62,10160.42,GBP_USD,Long,2000.0,2024.02.09,23:55:00,2024.02.12,,1.26257,,5.05
66,2.54,10162.96,GBP_USD,Short,2000.0,2024.02.12,07:24:00,2024.02.12,,1.26390,,5.06
67,2.68,10165.64,GBP_USD,Long,2000.0,2024.02.12,15:50:00,2024.02.13,,1.26259,,5.05
68,2.72,10168.36,GBP_USD,Short,2000.0,2024.02.13,01:01:00,2024.02.13,,1.26390,,5.06
69,2.56,10170.92,GBP_USD,Long,2000.0,2024.02.13,02:48:00,2024.02.13,,1.26248,,5.05
70,2.96,10173.88,GBP_USD,Short,2000.0,2024.02.13,14:02:00,2024.02.13,,1.26376,,5.06
71,2.72,10176.60,GBP_USD,Long,2000.0,2024.02.13,20:32:00,2024.02.17,,1.26053,,5.04
72,2.52,10179.12,GBP_USD,Short,2000.0,2024.02.17,01:51:00,2024.02.17,,1.26218,,5.05
73,2.72,10181.84,GBP_USD,Long,2000.0,2024.02.17,02:48:00,2024.02.19,,1.26073,,5.04
74,2.68,10184.52,GBP_USD,Short,2000.0,2024.02.19,07:29:00,2024.02.19,,1.26211,,5.05
75,2.94,10187.46,GBP_USD,Long,2000.0,2024.02.19,20:00:00,2024.02.20,,1.26078,,5.04
76,2.54,10190.00,GBP_USD,Short,2000.0,2024.02.20,20:32:00,2024.02.21,,1.26248,,5.05
77,2.68,10192.68,GBP_USD,Long,2000.0,2024.02.21,15:58:00,2024.02.21,,1.26104,,5.04
78,2.56,10195.24,GBP_USD,Short,2000.0,2024.02.21,17:53:00,2024.02.21,,1.26224,,5.05
79,2.86,10198.10,GBP_USD,Long,2000.0,2024.02.21,18:25:00,2024.02.21,,1.26101,,5.04
80,2.56,10200.66,GBP_USD,Short,2000.0,2024.02.21,20:05:00,2024.02.21,,1.26249,,5.05
81,2.54,10203.20,GBP_USD,Long,2000.0,2024.02.21,22:50:00,2024.02.21,,1.26130,,5.05
82,3.08,10206.28,GBP_USD,Short,2000.0,2024.02.21,23:45:00,2024.02.22,,1.26253,,5.05
83,2.80,10209.08,GBP_USD,Long,2000.0,2024.02.22,01:03:00,2024.02.22,,1.26071,,5.04
84,2.74,10211.82,GBP_USD,Short,2000.0,2024.02.22,01:25:00,2024.03.01,,1.26217,,5.05
85,2.94,10214.76,GBP_USD,Long,2000.0,2024.03.01,21:49:00,2024.03.01,,1.26059,,5.04

86,-31.66,10183.10,GBP_USD,Short,2000.0,2024.03.01,22:12:00,2024.03.12,,1.26193,,5.05
87,-3.68,10179.42,GBP_USD,Short,2000.0,2024.03.06,23:55:00,2024.03.12,,1.27592,,5.10
88,1.88,10181.30,GBP_USD,Short,2000.0,2024.03.07,22:46:00,2024.03.12,,1.27870,,5.11
89,7.20,10188.50,GBP_USD,Short,2000.0,2024.03.08,07:02:00,2024.03.12,,1.28136,,5.13
90,12.56,10201.06,GBP_USD,Short,2000.0,2024.03.08,20:02:00,2024.03.12,,1.28404,,5.14
91,19.82,10220.88,GBP_USD,Short,2000.0,2024.03.08,20:31:00,2024.03.12,,1.28767,,5.15

92,2.58,10223.46,GBP_USD,Long,2000.0,2024.03.12,15:50:00,2024.03.12,,1.27785,,5.11
93,2.84,10226.30,GBP_USD,Short,2000.0,2024.03.12,16:54:00,2024.03.12,,1.27916,,5.12
94,2.62,10228.92,GBP_USD,Long,2000.0,2024.03.12,19:32:00,2024.03.12,,1.27804,,5.11
95,2.66,10231.58,GBP_USD,Short,2000.0,2024.03.12,19:34:00,2024.03.12,,1.27882,,5.12
96,2.76,10234.34,GBP_USD,Long,2000.0,2024.03.12,20:00:00,2024.03.12,,1.27720,,5.11
97,3.08,10237.42,GBP_USD,Short,2000.0,2024.03.12,22:52:00,2024.03.13,,1.27879,,5.12
98,2.62,10240.04,GBP_USD,Long,2000.0,2024.03.13,00:10:00,2024.03.13,,1.27711,,5.11
99,2.72,10242.76,GBP_USD,Short,2000.0,2024.03.13,00:40:00,2024.03.14,,1.27836,,5.11
100,2.72,10245.48,GBP_USD,Long,2000.0,2024.03.14,20:54:00,2024.03.21,,1.27710,,5.11
101,3.00,10248.48,GBP_USD,Short,2000.0,2024.03.21,02:33:00,2024.03.21,,1.27851,,5.11
102,2.64,10251.12,GBP_USD,Long,2000.0,2024.03.21,15:34:00,2024.03.21,,1.27699,,5.11
103,2.80,10253.92,GBP_USD,Short,2000.0,2024.03.21,17:17:00,2024.03.21,,1.27834,,5.11

104,-22.88,10231.04,GBP_USD,Long,2000.0,2024.03.21,17:37:00,2024.03.26,,1.27709,,5.11
105,5.66,10236.70,GBP_USD,Long,2000.0,2024.03.22,13:41:00,2024.03.26,,1.26282,,5.05
106,10.90,10247.60,GBP_USD,Long,2000.0,2024.03.22,14:45:00,2024.03.26,,1.26020,,5.04

107,2.60,10250.20,GBP_USD,Short,2000.0,2024.03.26,13:33:00,2024.03.26,,1.26568,,5.06
108,2.76,10252.96,GBP_USD,Long,2000.0,2024.03.26,15:12:00,2024.03.26,,1.26462,,5.06
109,2.80,10255.76,GBP_USD,Short,2000.0,2024.03.26,16:27:00,2024.03.26,,1.26592,,5.06